# Created by Octave 3.2.4, Fri Aug 30 21:54:34 2013 EDT <burak@burak-Satellite-L500>
# name: pars
# type: matrix
# rows: 1
# columns: 9
 -2.8 -1 0 -7.75 1 -2.66 0 1 1
