# Created by Octave 3.6.2, Mon Sep 30 15:09:47 2013 EDT <burak@burak-Satellite-L500>
# name: ps
# type: matrix
# rows: 4
# columns: 401
 -0.4398505682428601 -0.439849155928321 -0.4398486927873759 -0.4398480540368109 -0.4398473346498841 -0.439846643383561 -0.4398458547887807 -0.4398450093882402 -0.4398441600307379 -0.4398429971891578 -0.4398418852519062 -0.4398404324032708 -0.4398391248115953 -0.4398374731089068 -0.4398354085645877 -0.4398336644656772 -0.4398306261911837 -0.4398279492959539 -0.4398247376215675 -0.4398208951428181 -0.4398178450236696 -0.439812592175548 -0.439808322066168 -0.4398011617876325 -0.4397952174205136 -0.4397854822486926 -0.4397772473352062 -0.4397677982344738 -0.4397569558980885 -0.4397445147598916 -0.4397302387598043 -0.4397138567547446 -0.4396950572167805 -0.4396734821007241 -0.4396487197416878 -0.4396202966167484 -0.4395876677726599 -0.439550205681804 -0.439507187239388 -0.4394577785533588 -0.4394010171010769 -0.4393357907284764 -0.4392608128416199 -0.4391745929781355 -0.4391092113006523 -0.4389996871100908 -0.4388734762111844 -0.4387279301980871 -0.4385599441696362 -0.4384304785488869 -0.4382148579658385 -0.4379649243409287 -0.4376747427494904 -0.4374456127669109 -0.4370668867357336 -0.4366236962925206 -0.4362632378242245 -0.4356720364314188 -0.4351785061405428 -0.4343723584188106 -0.433672886210814 -0.4328457431835482 -0.431853309895937 -0.4306434987647205 -0.4291437629740297 -0.4277629741313302 -0.4259856811747862 -0.4236346189432916 -0.4212007243625795 -0.4186088647639438 -0.4147162454539483 -0.4109913417419692 -0.4059683957854265 -0.4014268317957079 -0.3951384722016383 -0.386825247319578 -0.3776322249439667 -0.3660382801117729 -0.3505183586084003 -0.3315066739103955 -0.3069588606429362 -0.2761963492863128 -0.232730862266226 -0.1674970813254128 -0.08196997213609057 -0.02002140616965833 -0.08480852491416059 -0.05992195592106379 -0.0003465296007344372 -0.0006652317787993904 -0.1328477465607723 -0.05038733357648954 -0.008198640036919565 -0.0137124961818812 -0.1503454051369583 -0.0731174608278361 -0.01424255655443817 -0.1432149159407152 -0.07257429626503421 -0.01348282764619302 -0.1617443635820806 -0.07318801903861685 -0.01486336895848512 -0.1300335707862095 -0.06976110266638448 -0.01155674735532011 -0.07894663707744799 -0.01843238218017848 -0.09891298457816697 -0.06288061316391762 -0.004387840865912925 -0.1025879730724287 -0.03249284978748279 -0.03855389891388389 -0.03887346169517113 -0.02405811966344741 -0.0295875207063612 -0.04683025331367766 -0.04473384225118588 -0.01591016328260709 -0.02208842783413842 -0.07311426225063777 -0.05538265648088696 -0.003005813464094247 -0.005809656410739896 -0.09620417738089522 -0.02934021282283702 -0.04697532138147026 -0.04503848976787128 -0.0155626827228263 -0.02231071323325105 -0.07503239435352997 -0.05633154972510752 -0.002603446606847573 -0.005243615460950302 -0.09897564914270066 -0.03054832968814471 -0.04354351570564632 -0.04260776350423943 -0.01906004349442558 -0.02481158702430186 -0.06084636212827716 -0.05126372083144172 -0.007351435767132501 -0.01286664305741649 -0.07573652035323906 -0.01558271716653397 -0.1177650422592351 -0.06879357691017576 -0.009852005737922647 -0.0833741604963273 -0.02178091196166808 -0.0698194639910097 -0.06272886800414683 -0.002140944439271249 -0.004419119299169788 -0.140072406328569 -0.03252112324381205 -0.03791522691648631 -0.0391099842380426 -0.009807722115033462 -0.03696615181081219 -0.04308987049552401 -0.03472208294529153 -0.06952217174583598 -0.05445035489607938 -0.01299647449939527 -0.1461135810305761 -0.04065751699708661 -0.05052744408085803 -0.07362511964253544 -0.003187485668645035 -0.02078544465065198 -0.08947075288468204 -0.03059004377782163 -0.04628694368586377 -0.1727389909913642 -0.00618010131347113 -0.009372251343557471 -0.2145370305987206 -0.0447890813416034 -0.04947477568446684 -0.04548746642756792 -0.04103594696076889 -0.05831162949224734 -0.003379846916345576 -0.02718273527948913 -1.24737280236652 -0.04056034990394258 -0.04684225116807125 -0.01337328000586529 -0.0393200078507867 -0.05331068642857112 -0.04891586958292904 -0.002046304970642898 -0.03105392466648798 -0.06517228502759305 -0.008568909919890353 -0.03448341613705 -1.083848751258113 -0.03014204490240133 -0.03709146081523821 -0.04040423572224166 -0.04961871653972384 -0.01512910206702063 -0.03068773647537995 -0.0602217358071702 -0.05702999344649595 -0.004474383887557044 -0.01547310972143605 -0.07706652964139837 -0.02160770004884348 -0.06250269463307448 -0.1135740885848018 -0.006020111305904107 -0.007262715565309861 -0.1218810636761734 -0.03449557882046007 -0.04825616991984599 -0.04537332329246983 -0.009120851644975059 -0.02839475623107201 -0.07743097673383496 -0.05766278125308946 -0.005640104116004074 -0.2432584957779192 -0.04403711455801686 -0.03656257555897414 -0.03869931704815464 -0.06178766312936965 -0.04258447154311448 -0.0347369080606295 -0.004879277375520023 -0.5254661203560786 -0.0122375536673982 -1.365376532384817 -0.01701111449426818 -0.02916086131990343 -0.007380750378977245 -1.060842535736276 -0.006907011865628024 -1.342386867749534 -0.0268883886409189 -0.02688838722233314 -0.4208602316917527 -0.01757397884947754 -1.150325441921947 -0.005990461470066807 -0.008231559535584044 -0.0117697452225172 -1.247036207575719 -0.02917695171632284 -0.3766094015286142 -0.0134374510136637 -0.06644350181686086 -0.00888764702448327 -0.7728668031864404 -0.002484843682949915 -0.007225543361138331 -0.01250980742377011 -1.223848640788687 -0.03103684607315539 -0.2954662209822957 -0.02038651396492651 -0.05139155995797538 -0.004610924507134702 -0.6064001353585671 -0.01591559426599231 -1.396727034634457 -0.009196326289727622 -0.01762789285805931 -0.009568993992034723 -1.307285792695955 -0.02279735264368751 -1.000740935772522 -0.003262564446620528 -0.02371852691243816 -0.01417792041007705 -1.280857911161074 -0.0281379124349019 -0.05445595920082665 -0.00655143036290667 -0.3704024642546911 -0.01327069320114158 -0.01987352686121501 -1.057965859186828 -0.0006848160734897999 -0.8180839099357222 -0.05071045530362208 -0.1084219645689087 -0.00148526987054632 -0.04877321639438846 -0.09567871220392102 -0.04514544069892863 -0.02217655458505515 -0.7714641471817413 -0.01404919382119083 -0.03441059668527328 -0.03910212504398732 -0.3733254492213686 -0.01361395198832529 -0.02893684710927208 -0.1284634876604465 -0.03145071236243712 -0.06833046077286518 -0.1688475995225619 -0.02713789035681986 -0.09162088608324227 -0.03651065936350104 -0.03309329751275941 -0.3147088020988894 -0.008074339762445466 -0.01351728481257022 -0.07443600605933058 -0.3391491235089614 -0.04490942394300793 -0.05238411332318644 -0.01988492691879945 -0.01578537594975659 -0.9540247264042727 -0.01751247980681802 -0.01751247840756893 -0.01050893936673584 -0.4765839215169026 -0.005618370289973669 -0.00561836928161322 -1.294307205724433 -0.02956632775046317 -0.1276890569442154 -0.01707927109554779 -0.02303468407393549 -0.366412829228584 -0.008563973944415409 -1.271584635142869 -0.02442472886390858 -0.04933637260132315 -0.02389855811268834 -0.1909227421486954 -0.005817653030559441 -0.01560319778581627 -0.03761786481015655 -0.5307495532884222 -0.02048495718275889 -0.02455889384081751 -0.05791305847500901 -0.08637361785196823 -0.0008083063200568479 -0.001841371622117768 -0.3283358236272938 -0.0570089363553018 -0.01905855282119069 -0.02502262698641431 -0.004462979841750768 -0.1285292711740387 -0.01322432691743467 -0.4327124513050492 -0.01517108428811729 -0.01766555287439215 -0.04791801085874241 -0.1834278240623046 -0.01071710808404436 -0.01071710705655001 -0.1004163945312739 -0.1407983457017695 -0.02044996257705608 -0.06098731849028063 -0.0008275773683121505 -0.02897799444801836 -1.240973298374562 -0.0492333048265103 -0.04923330408345272 -0.01618231463169851 -0.06845565417765533 -0.008711522885019933 -0.06006836368058354 -0.3279871321732957 -0.02312110954964987 -0.02312110839097589 -0.06880110122120764 -0.05398179673466075 -0.001538058749418807 