# Created by Octave 3.6.2, Mon Sep 30 23:52:37 2013 EDT <burak@burak-Satellite-L500>
# name: ps
# type: matrix
# rows: 4
# columns: 298
 -0.4398394103757687 -0.4398394399549126 -0.4398395235838028 -0.4398396753415461 -0.4398397571819451 -0.4398397184654674 -0.4398399004948222 -0.4398401657412714 -0.4398402665959826 -0.4398401127622354 -0.4398402798509741 -0.43984051514899 -0.4398408342508614 -0.4398412557190669 -0.4398412174168591 -0.4398418326707602 -0.4398418610056524 -0.4398427475642909 -0.4398428854004822 -0.4398430318984673 -0.439844459245878 -0.43984479827099 -0.4398451687938053 -0.4398465116539435 -0.4398481500769786 -0.4398489242014074 -0.4398511636149741 -0.4398522991028629 -0.4398535576982253 -0.4398569936465238 -0.4398588189229984 -0.4398608459577062 -0.4398646017412691 -0.4398690191399188 -0.4398722570463242 -0.4398780776076066 -0.4398823810406422 -0.439888604290667 -0.4398957549105109 -0.4399021017026228 -0.4399112741912257 -0.4399218046182578 -0.4399338887065022 -0.4399461807166565 -0.4399600667793699 -0.4399777757208648 -0.4399980539700464 -0.4400186202813052 -0.4400447789949219 -0.4400729448894978 -0.4401048401286526 -0.4401409038095825 -0.4401841310683525 -0.4402317601787007 -0.4402854900804678 -0.4403477900807825 -0.440420033803509 -0.4404989287244815 -0.4405924352533484 -0.4406970054514154 -0.4408166967269118 -0.440953108494246 -0.4411076493830277 -0.4412839445011688 -0.4414862953488769 -0.4417179082815377 -0.4419814561355642 -0.4422827812408732 -0.4426276601895571 -0.443023575670655 -0.44347471043215 -0.4439930716126763 -0.4445851344862659 -0.4452690350109141 -0.4460536394813539 -0.4469568577639941 -0.4480002805095935 -0.44921045000338 -0.4506130358359252 -0.4522468470242952 -0.4541610308190395 -0.4564155679283218 -0.4590853110548803 -0.4622795468762367 -0.4661436824526965 -0.4708915759432561 -0.4768449838108031 -0.4845254600924774 -0.4948497858411204 -0.5095896691737761 -0.5325871480489905 -0.570692042687494 -0.617845711754017 -0.5829086000303517 -0.6989505329266995 -0.5462493917031095 -0.5891786005285803 -0.6284037263083252 -0.5749641306969707 -0.627618964993361 -0.5754944809987305 -0.6292119759087971 -0.5744266404360594 -0.6261165440440379 -0.5765323134573851 -0.6327174994007537 -0.5721946929487616 -0.6208012355317124 -0.5804880918521885 -0.6562871245672806 -0.5602168723149124 -0.6037616659547285 -0.5977205078745584 -0.6069636895293548 -0.5937210993548128 -0.6150917348734335 -0.5853326493487323 -0.6495339742294844 -0.5632099389177274 -0.6070879054825065 -0.5935781039965697 -0.6154328582816962 -0.5850248031763943 -0.6523442103866403 -0.5619290487343075 -0.6056243489660886 -0.5953341079616949 -0.6115423558203472 -0.5887400736012802 -0.6301125481513028 -0.5738390202848841 -0.6245857039227554 -0.577623667066402 -0.6371360886366516 -0.569579195534111 -0.6158919602668573 -0.5846114635706792 -0.6566847677236678 -0.5600501836241514 -0.6035813325065087 -0.5979573218703526 -0.6065447208696072 -0.5942188390457089 -0.6139540206087347 -0.5863879089836253 -0.6418138381507325 -0.5670245655793236 -0.6119651138650699 -0.5883161525568877 -0.6318669960954899 -0.5727211410624222 -0.6219434189769495 -0.5795982616414823 -0.6484261763993051 -0.5637288284987502 -0.6077002263259793 -0.5928676260214278 -0.6171604059519036 -0.5834956459230632 -0.6751693530391805 -0.5531639403488651 -0.5965650775832351 -0.609095092206824 -0.5913103258293534 -0.6213706418386097 -0.5800418222413947 -0.6519999216120791 -0.5620821788946733 -0.6057979352413243 -0.5951233953063295 -0.6119858063821333 -0.5882953818807134 -0.6319615811557145 -0.5726629430492484 -0.6218148447245953 -0.5796971029459921 -0.6491825370699118 -0.5633722909346244 -0.6072786360638244 -0.5933549006965668 -0.6159643804208513 -0.5845467303199993 -0.6574486446435376 -0.5597322962355167 -0.6032456061286021 -0.5984109391341055 -0.6057571085652075 -0.5951713672561872 -0.6118863248058423 -0.5883951353107639 -0.6315292807643915 -0.5729340437356593 -0.6224194825971155 -0.5792330696415181 -0.6458607119372932 -0.5649666361419868 -0.6092197649703393 -0.5911743934143145 -0.6217713890041227 -0.5797309610641762 -0.6494381239763388 -0.5632542039717684 -0.6071391840887465 -0.5935169158702781 -0.6155751299753497 -0.5848937772045713 -0.6536232180464817 -0.5613634310410945 -0.6049981527469386 -0.596116342421016 -0.609965104044229 -0.590372997669207 -0.6242431603312942 -0.5778733552167484 -0.638283704939241 -0.5689346205505954 -0.6148320666512918 -0.5855699703563917 -0.6475798904565877 -0.5641322507356478 -0.6081866162146039 -0.5923175841651459 -0.6185813331629766 -0.5822916968902143 -0.6986325311228589 -0.5463311118114541 -0.5892712757955268 -0.6280566397216566 -0.5751958600399054 -0.6283056549639813 -0.5750297762217099 -0.6278114035001392 -0.5753619694078348 -0.6288084519465011 -0.5746951879934261 -0.6268536212757928 -0.5760188359134153 -0.6309128615085157 -0.5733248805767766 -0.6233283225394578 -0.5785491024545145 -0.6417283615265964 -0.5670692198865417 -0.612027484251143 -0.588253770870382 -0.632138384862018 -0.5725530858129579 -0.6215709753614007 -0.5798855263486121 -0.6506824350913406 -0.5626792723703493 -0.6064731788264963 -0.594303658794984 -0.6137634356321446 -0.5865682840661184 -0.6407019111515874 -0.567613922410684 -0.6128121473545763 -0.5874804466807118 -0.6357155998800239 -0.5703972369515351 -0.617311559323329 -0.5833661950342826 -0.6786988709233418 -0.5520187014814545 -0.5953972508098941 -0.6114116116523771 -0.5888726214162202 -0.629586666073366 -0.5741815956101559 -0.625463509283204 -0.5769949170040896 -0.6344804041926838 -0.5711255479085173 -0.6186583600061674 -0.5822266738083198 -0.6945009847358843 -0.5474130135065869 -0.5904930941687465 -0.6238609090245669 -0.5781550106411394 -0.6396541620527058 -0.5681801598575539 -0.6136556993520987 -0.5866710723735959 -0.6400923854825715 -0.5679408025009418 -0.6132951743598528 -0.5870146671574654 -0.6381472221628157 -0.5690085917606078 -0.614953647267108 -0.5854594387300606 -0.6484774249077558 -0.563705564519091 -0.6076721692625537 -0.5929007073759135 -0.6170800177089717
