# Created by Octave 3.6.2, Mon Sep 30 15:10:14 2013 EDT <burak@burak-Satellite-L500>
# name: ps
# type: matrix
# rows: 4
# columns: 168
 -0.005680980508576091 -5.547328684049201e-05 -0.02237273670745248 -0.0008655430235640435 -0.007760461487960001 -0.01440758734901739 -0.007616419452631288 -0.01149629288909931 -0.007916413297790997 -0.0184051604156237 -0.007291074752102184 -0.007814142587311654 -0.008639376098589903 -0.006256990437982264 -0.001456478284546781 -0.01354573324772135 -0.003106585892743529 -0.002119360080703353 -0.003664645805661265 -0.001506316579746413 -0.005158655317449799 -0.0003666356455700646 -0.01213227734672891 -0.003685104611010731 -0.001486671607017269 -0.005218116817753508 -0.0003278541082064501 -0.01272973211676323 -0.003433986889500073 -0.001749275919923886 -0.004485490045293587 -0.0008072363411030211 -0.008113365760562272 -0.006987399370173986 -0.004413878435855021 -0.009545474605949129 -0.005249365224456327 -0.0002759574436536458 -0.01340411138475634 -0.003081939266980239 -0.002123596561646599 -0.003589897605480354 -0.00493594173416278 -0.0005001545915922588 -0.0101458168626317 -0.004441065258992311 -0.0007853017198269518 -0.008251949656926794 -0.006224828582424964 -0.0004129497648017801 -0.01144456537201395 -0.003796789869104242 -0.001381690662626152 -0.00555581329162747 -0.02175428510639949 -0.0032948507080517 -0.001903996788757536 -0.004031229029806769 -0.001322221722198976 -0.00637338908855626 -0.01339399932799695 -0.00225926230951471 -0.003416747551828018 -0.001695150356491113 -0.00452235758665302 -0.0007547620125157599 -0.008409488853171523 -0.006212594438215892 -0.0003993184187702782 -0.01178636404067447 -0.003718080184674007 -0.001439894188361882 -0.005313276662579959 -0.0002680507046909865 -0.01330002951712739 -0.003024983386692802 -0.002476441943335762 -0.00345891605619066 -0.005872169691455809 -0.0007608961996670216 -0.001170874579047791 -0.008357296396503122 -0.0007999647292267275 -0.01137332995928586 -0.002053355042812732 -0.004067533665966427 -0.001140690986373595 -0.0005099876624382783 -0.0257707282098751 -0.002364631628936739 -0.001469623865700725 -0.005921985446454989 -0.0003117253403596498 -0.0237702514320802 -0.00249864572399368 -0.001837309448338197 -0.005480353841679667 -0.001028555108324687 -0.0006461606393651171 -0.0216954813550037 -0.001721075287873713 -0.0003964624084114881 -0.01593211243023579 -0.002035958426264824 -0.004350659565708133 -0.001302805687367181 -0.005828863253612799 -0.0001790636359982525 -0.004336959609385941 -0.00108348279123761 -0.007400033426914772 -0.008041128914970568 -0.0009277985546620991 -0.007503172417777574 -0.0009087615141624178 -0.007537811750653026 -0.007149846758266321 -0.001644798378624268 -0.008010480443822902 -0.006608560211363105 -0.0005440773223411217 -0.01014227599617361 -0.001748430979984862 -0.004585194613617578 -0.009339594727790019 -0.001290928949350815 -0.006955076507902921 -0.00106861778450323 -0.01237198195088019 -0.002623728786824948 -0.001592681331142847 -0.004740796498771911 -0.0005232383113449592 -0.001689998009902792 -0.004611524576646871 -0.0006411326791668514 -0.009188028547553562 -0.001423900801812665 -0.005406627165818587 -0.000118076515082003 -0.01767293972560578 -0.001757888634294705 -0.005722786841536501 -0.0008251316536360259 -0.001057062188442669 -0.006887201219222552 -0.000762852703883483 -0.008692884220969452 -0.001338079608776873 -0.005840672887757928 -0.02741959687271345 -0.004600014344617191 -0.00104595740152078 -0.006854805811033487 -0.009724713774099615 -0.001678180566530806 -0.00488037596394664 -0.0005751830443464324 -0.01014735694627347 -0.004642171949123424 -0.0005804843175518641 -0.009658990019156214 -0.002199166540563351 -0.005155715403538644 -0.0003824790327004217 -0.002602849405183364 -0.003673847482695483 -0.001387551717735672
 0.5155798474904218 0.9454256296716483 0.53868266156571 0.6279183455602545 0.5140222355474471 -0.252132675949593 0.509525693066089 -0.2681514787160033 0.5162369765971749 -0.2353485295021795 0.5176444834461095 -0.2975877275407417 0.5131303797822633 0.5129465878538075 -0.4451934129956729 0.5205883834088184 0.5386531932272028 0.5524841217876032 0.530070672853386 0.5817653335325101 0.5161721008987195 0.7050882207090862 0.516979398847367 0.530876951717817 0.5774316859833846 0.5183461002889739 0.7211487075118289 0.516561297656558 0.5290816994153461 0.5662827999840782 0.5260644900718001 0.6264729484122723 0.5116616798883471 0.5175164584603364 -0.3360057550354916 0.5142932484460553 0.5464379077281333 0.731748190740081 0.5682689846939546 0.533579424523976 0.7340796727218465 0.5315681255969128 0.5216280268264952 0.6725129897524528 0.632018523847534 0.6155534663067727 0.8548300626506417 0.5849699554104651 0.7047170675977537 0.5896700412178585 0.6674537375168259 0.5275624703466268 0.587606143327924 0.5131930648970401 1.009796385782339 0.6024966064455707 0.6926894035508063 0.535793914203575 0.9372959443107308 0.5108170905010837 0.8762397796873407 0.6185347204543313 0.5719504130737045 0.6407764420525345 0.5533739577750842 0.7753666852531358 0.5358178873998014 0.6413077032338659 0.6214735429223379 0.5825989681412438 0.5311999479688291 0.7173464796267157 0.5207118865298513 0.7475060306271856 0.6622677372985132 0.5340545735307612 0.9135150076149392 0.5274469801269669 1.038490592227859 0.6395600768933571 0.5711516205864071 1.031927724065947 -0.205734611781753 0.5135235977865078 0.5206414841372167 0.5261118340436923 0.5987242664137656 0.02987158427762214 1.330144582770592 0.4466252463787767 0.7438342772982707 0.9371221489078068 0.7301614615313987 1.25135256828663 0.4912604881704045 0.6725419726048303 1.045518592080842 0.6115878716156973 0.4304843691192974 1.351796357975611 0.4284446566782898 0.6993456743125958 1.076443892361616 0.6630259530670436 0.9268411562994947 0.5895038307504796 0.512454105531167 -0.6623240147673296 0.6770822175040822 1.00526756335089 0.6440991502170478 0.8576835394668806 0.6877901765623431 0.7769361462813285 0.7905988532772159 0.651806209184048 0.6924056523506258 -0.1607839719694688 0.6089094131288709 0.7708624066665446 0.5360922174310282 0.7317968073291014 0.6458294796755448 0.5193768218489959 0.9129065610550038 0.4301223230795352 0.9036679306164827 -0.3853215533003048 0.5177138041478447 0.3691814037697063 0.5767659577436839 0.7207171384728517 0.6663292105798447 0.6826842115808118 0.7526047356670835 0.6477590758546828 0.7972111731940461 0.6093985380891905 0.6137665724451116 0.8461197299707213 0.6723172193240569 0.5682255619411395 1.033724474826659 0.6220359892552835 0.5100482313046717 0.6998211667826192 0.406423393694184 0.6215344722612751 0.6617653370757847 0.5137990374077805 1.026829606583842 0.4847328985285626 0.6042584097920137 0.5136071270982224 0.7325612016915108 0.5595136388659639 0.5217665578340753 0.9016037110478123 0.517404193780326 0.6901797291230779 0.6575874700895973 0.7920155744610934 0.170986806639138 0.8124767477234017 0.7034415315111979 0.3263352293927906 0.704570773481469 0.5828933256123994
