# Created by Octave 3.6.2, Wed Oct 02 17:25:09 2013 EDT <burak@burak-Satellite-L500>
# name: ps
# type: matrix
# rows: 4
# columns: 171
 -0.5721639606525706 -0.23603630934773 -0.9583569326707193 -0.3204969435036295 -0.6390370068198004 -0.08791469379934871 -0.634342406540665 -0.1006680092321278 -0.6438265620319348 -0.07358200371669531 -0.6252444480083192 -0.1234880404624374 -0.6641281067151105 -0.5917675693467607 -0.197418442059479 -0.7848799922664856 -0.4662105730445135 -0.4119526046981226 -0.4924974593458682 -0.3717295987826956 -0.5531960592128602 -0.2710211066277451 -0.7526747589782595 -0.4934804874400865 -0.3702053826786487 -0.5555862579020798 -0.2667313756689139 -0.7662806919252201 -0.4816943574918149 -0.3884375530765085 -0.5276377975130829 -0.3151715801807298 -0.6491066360015063 -0.05316554971120808 -0.6158140250564902 -0.1455749379699699 -0.6887349620819291 -0.5587834132067847 -0.2609413688834641 -0.7867269353490605 -0.4647093235934133 -0.4142183850847933 -0.4891440458778868 -0.3769468901541183 -0.5451497901169329 -0.2852549982297394 -0.7136667498031278 -0.5307415118468441 -0.3099474250454948 -0.6592770918015216 -0.5991431363340708 -0.1820972675490943 -0.7472348797438989 -0.4983309828127606 -0.3625960191912453 -0.567517089414878 -0.2448226573928823 -0.8671725215191581 -0.4007358214784703 -0.5091727427778074 -0.3453803762879049 -0.5954564453385593 -0.1898120223184543 -0.7646318564584609 -0.4830936593623571 -0.3862823128246646 -0.5309070773219384 -0.3096865642214194 -0.6598097891493332 -0.5983065831497877 -0.183848866986937 -0.7509591176686874 -0.4950002454061185 -0.3678334000084192 -0.5592836312605802 -0.2600166720892175 -0.7902534507773605 -0.4618378075550015 -0.4185149126610346 -0.4827767155056061 -0.386765784428547 -0.5301631063832308 -0.3109301878888514 -0.6573376958316762 -0.6021928368839409 -0.1756355581397131 -0.7344332474513767 -0.5101368894020305 -0.3438286356987235 -0.5980289782516284 -0.1844283271767025 -0.7522128868236408 -0.4938968283081237 -0.3695635076540841 -0.5565835087918219 -0.2649241650386866 -0.7723663732753869 -0.4765468912241363 -0.3962869910101182 -0.5158178262191625 -0.3346396198496573 -0.6136882617029465 -0.1504140255732754 -0.6949456088213773 -0.5513849515030592 -0.274260896141027 -0.7430396859229699 -0.5021354229587728 -0.3565901388234935 -0.5771066695657948 -0.2265594152696701 -0.9572162988503644 -0.3216162222421932 -0.6369668124668288 -0.09364745644823874 -0.6384445542965214 -0.08956871089913046 -0.6355025347340498 -0.09760669899313187 -0.6414339119779279 -0.08097748189603179 -0.6297248505492747 -0.11247673278748 -0.6537728110219371 -0.6079447718622989 -0.1631809951243869 -0.7132279880036873 -0.5312120005666749 -0.3091747375875456 -0.6608279257316353 -0.5967396884909384 -0.1871305347495819 -0.7582761668280004 -0.4885680166008353 -0.3778288230692732 -0.543780781853228 -0.2876372961480693 -0.707830208096201 -0.5369357681563295 -0.2994620222155351 -0.6809321426983003 -0.5685427888671547 -0.2428927877537178 -0.8814897111475321 -0.3890760842331314 -0.5266716313291362 -0.3167782053554165 -0.6460337715419652 -0.06610600723778616 -0.6212376269698699 -0.1330366785197197 -0.6740779903093506 -0.5776315028992033 -0.2255471006735016 -0.9421681753410954 -0.3360257539741384 -0.6112890975633628 -0.1557859070367235 -0.7022815701056314 -0.5430184775209422 -0.2889720710071752 -0.7046156508477427 -0.540432960877325 -0.2934555066267209 -0.6942120809368312 -0.5522325619967232 -0.2727433160162925 -0.7474849240420616 -0.4981059511555969 -0.3629477242441015 -0.5669681356545536
 -0.09015455560215183 -0.1176139425828466 -0.07168261130423166 -0.1082488241859803 -0.08644650478529797 -0.1524520554701131 -0.08669681126617435 -0.1470341541794023 -0.0861915652169957 -0.1599564911235021 -0.08718915635393049 -0.1393062240848786 -0.08512536370669796 -0.08903557840017494 -0.123259325293569 -0.07920217688538905 -0.09674235492987433 -0.1005917015773721 -0.09500814580922769 -0.1037420098308312 -0.09126226853681567 -0.1133507089533417 -0.08071790274637991 -0.09494489339166984 -0.1038653828207834 -0.0911197467321064 -0.1138403855810653 -0.08007301775225825 -0.09571059671297319 -0.1023972938846283 -0.09279905824610984 -0.1087557134095839 -0.0859122757948715 -0.1748762006434525 -0.08770280223690023 -0.1334376318998558 -0.08386175021054641 -0.09093191477845347 -0.1145131907702028 -0.07911552381842102 -0.09684309864520163 -0.1004220965772744 -0.09522532592332036 -0.10331522115547 -0.09173975167912836 -0.1117882008737048 -0.08261415913158988 -0.09261071517364723 -0.109265037835172 -0.08537776771841067 -0.08862179250447529 -0.1258834792886493 -0.08097930704694366 -0.09463367692432718 -0.1044999568893201 -0.09042282509637439 -0.1164775726360221 -0.07550969039944851 -0.10144066736123 -0.0939466271703753 -0.1059770036521102 -0.08882860848466045 -0.1245293044808213 -0.08014992824442627 -0.0956206412836659 -0.1025666471061592 -0.0925993402202706 -0.1092889403984387 -0.08535096969618342 -0.08866984506809963 -0.1255699441750863 -0.08080072681956198 -0.09484689268448729 -0.1040610431930905 -0.09090445602089492 -0.1146223317672621 -0.07895295173595381 -0.09703923140826932 -0.1001050932277035 -0.09564079629862689 -0.1025298991142201 -0.09264475160128313 -0.1091686989821443 -0.08547860865925462 -0.08845182916953874 -0.1270713622053522 -0.08159789872547754 -0.09388542684005195 -0.1061151033072365 -0.0886864907804325 -0.1254662986329645 -0.08073912561022595 -0.09491675728642876 -0.1039183677366391 -0.0910616522288224 -0.1140492231550051 -0.07978757783527492 -0.09605265725580972 -0.1017845252782038 -0.09353055431296517 -0.1069373542435216 -0.08781779821573996 -0.1323037659636556 -0.08354800722126955 -0.09136781178136814 -0.1129879596009906 -0.08118061353588955 -0.09439187201348072 -0.1050074732715116 -0.08987006731065594 -0.118892398880736 -0.07172868114095042 -0.1081428431407223 -0.08655693289572829 -0.1498952656493839 -0.08647893214158402 -0.1516919601156901 -0.08663410428300958 -0.1482474410922379 -0.08631770039540093 -0.1558630445190223 -0.08694688717431287 -0.1427755819986293 -0.08566600640974352 -0.08813440535669272 -0.1295263656716885 -0.08263447138399134 -0.09258022600071411 -0.1093394696713626 -0.08529724093422662 -0.08875805845326491 -0.1249918253436876 -0.08045103400977402 -0.09526338882750442 -0.103245136421481 -0.09182277050810166 -0.1115346901127331 -0.08290486573288795 -0.09223293886266694 -0.1103085119493172 -0.08426089078387479 -0.09036327268267032 -0.1167237759593623 -0.07488978545592842 -0.102347107769798 -0.09285841096602658 -0.1086021957491723 -0.08607406397780334 -0.1646963228390827 -0.087405844572639 -0.1366131698309756 -0.08460981059111565 -0.08983897625768716 -0.1190329796717681 -0.07234387091400483 -0.1068119655454445 -0.08794984273614008 -0.1311004126602854 -0.0831813090125486 -0.09186635067984583 -0.11139465347069 -0.0830651810100077 -0.09202211534215679 -0.1109244278838917 -0.08358659033994319 -0.09131873059895407 -0.1131574971426348 -0.0809663772986368 -0.09464868216662498 -0.1044701008308811 -0.09045331342877518
