# Created by Octave 3.2.4, Thu Sep 26 22:30:51 2013 EDT <burak@burak-Satellite-L500>
# name: tw
# type: matrix
# rows: 4
# columns: 1
 0.12712
 -0.42107
 0.68001
 0.29294
# name: J
# type: matrix
# rows: 4
# columns: 4
 -0.1412624099256269 0.528641905868584 -0.1008935686415458 0.260478156259037
 0.1471666652473106 -1.708974692746208 -0.005938722024943332 0.2050484450441804
 0.2278715397765533 -0.1718760409398924 -1.268328858974697 -1.031409248534065
 -0.2305725039666666 0.06119134896830324 -1.228731037658061 0.5364309072720822
