# Created by Octave 3.6.2, Fri Sep 27 23:09:56 2013 EDT <burak@burak-Satellite-L500>
# name: tw
# type: matrix
# rows: 4
# columns: 1
 -0.311014008385794
 -0.311014028442128
 -0.132288747382379
 -0.728510213391687


# name: V
# type: complex matrix
# rows: 4
# columns: 4
 (-0.2013321444208376,0) (0.5523948722385719,0) (-0.09218346208605518,-0.4095813764997346) (-0.09218346208605518,0.4095813764997346)
 (0.2013484831543196,0) (-0.7885033930172168,0) (-0.05674320480427868,-0.4141088851249777) (-0.05674320480427868,0.4141088851249777)
 (-0.94316643361299,0) (0.2522495029839357,0) (-0.07942311953817169,0.0449318205708365) (-0.07942311953817169,-0.0449318205708365)
 (0.1713512020970814,0) (-0.09742942352916664,0) (-0.8004451542076539,0) (-0.8004451542076539,-0)


# name: L
# type: complex diagonal matrix
# rows: 4
# columns: 4
(0.9999589446916383,0)
(-2.775557561562891e-17,0)
(-1.791046999533043,0.1169801059966674)
(-1.791046999533043,-0.1169801059966674)


