# Created by Octave 3.6.4, Wed Aug 28 17:22:15 2013 EDT <burak@burak-X170-L-AG1BT>
# name: pars
# type: matrix
# rows: 1
# columns: 5
 0.0001999300159970518 0.9999000099990001 -11.99440147969605 1.999800019998 10


