# Created by Octave 3.2.4, Fri Aug 30 22:08:47 2013 EDT <burak@burak-Satellite-L500>
# name: pars
# type: matrix
# rows: 1
# columns: 6
 0.001993015970049639 0.9990009990009991 -11.94414769653914 1.998001998001998 1 10
