# Created by Octave 3.6.4, Wed Aug 28 17:14:46 2013 EDT <burak@burak-X170-L-AG1BT>
# name: ui
# type: matrix
# rows: 4
# columns: 1
 0.1
 0.1
 0.1
 0.223606797749979


