# Created by Octave 3.2.4, Sun Aug 25 14:53:54 2013 EDT <burak@burak-Satellite-L500>
# name: equilibria
# type: matrix
# rows: 4
# columns: 7
 0 0.1249622609538621 0.2151740312048644 0.02617543275388558 0.1368422435998263 0.002686591228836814 0.3719445009464241
 0 0.625098378523486 373.6117120168825 375.3676717329137 374.3400273932538 375.5856161239384 372.1517740747715
 0 -0.1850365336812298 -8.317433932416101 -1.014172335564307 -5.294715950805136 -0.1041227333153037 -14.34918660754389
 0 -0.06932923415926738 -0.1135519724502547 -0.01385686771757706 -0.07230886931803084 -0.00142279542759122 -0.1957708273126616
