# Created by Octave 3.2.4, Fri Aug 30 20:36:23 2013 EDT <burak@burak-Satellite-L500>
# name: pars
# type: matrix
# rows: 1
# columns: 9
 -2.8023 -1 0 -4.1122 1 -2.6636 0 1.8854 1
