# Created by Octave 3.6.4, Mon Aug 26 10:35:45 2013 EDT <burak@burak-X170-L-AG1BT>
# name: ui
# type: matrix
# rows: 4
# columns: 1
 0
 425.5555555555555
 0
 0


