# Created by Octave 3.2.4, Fri Sep 13 22:44:58 2013 EDT <burak@burak-Satellite-L500>
# name: uroot
# type: matrix
# rows: 4
# columns: 1
 0.1934602922445311
 0.5482212842911931
 -0.2818737715248231
 -0.0511862924330193
