# Created by Octave 3.2.4, Sun Aug 25 13:45:12 2013 EDT <burak@burak-Satellite-L500>
# name: uroot
# type: matrix
# rows: 4
# columns: 1
 0.1249622623638535
 0.625098371730991
 -0.1850365357629306
 -0.06932923489694469
