# Created by Octave 3.6.4, Thu Sep 05 01:16:27 2013 EDT <burak@burak-X170-L-AG1BT>
# name: pars
# type: matrix
# rows: 1
# columns: 9
 -2.8023 -1 0 -4.1122 1 -2.6636 0 1.8854 2.1769


