# Created by Octave 3.6.4, Thu Sep 05 01:11:35 2013 EDT <burak@burak-X170-L-AG1BT>
# name: uroot
# type: matrix
# rows: 4
# columns: 1
 0.19346
 0.54822
 -0.28187
 -0.05119


