# Created by Octave 3.6.4, Fri Sep 06 15:59:54 2013 EDT <burak@burak-X170-L-AG1BT>
# name: xhatp1
# type: matrix
# rows: 4
# columns: 1
 1.324209320578319
 -0.9241244466486993
 -2.136475569366788
 -1.386855865936306


# name: xhatp2
# type: matrix
# rows: 4
# columns: 1
 2.509153007333847
 -0.3663918307380449
 0.1321844487796797
 -0.6349009943511582


