# Created by Octave 3.6.4, Thu Sep 05 01:12:34 2013 EDT <burak@burak-X170-L-AG1BT>
# name: xi
# type: matrix
# rows: 4
# columns: 1
 0.2512808313992085
 0.3609943334377678
 0.1288878834372428
 -0.7291143469410403


