# Created by Octave 3.6.2, Tue Oct 15 01:44:24 2013 EDT <burak@burak-Satellite-L500>
# name: pars
# type: matrix
# rows: 1
# columns: 9
 2 0.41 -1.7 1 -1 0.16 -0.05 -1 0


