# Created by Octave 3.6.2, Tue Oct 15 18:07:54 2013 EDT <burak@burak-Satellite-L500>
# name: pars
# type: matrix
# rows: 1
# columns: 9
 1 0.47 -1 1 -1 0 0 -1 0


