# Created by Octave 3.2.4, Tue Aug 20 09:49:19 2013 EDT <burak@burak-Satellite-L500>
# name: pars
# type: matrix
# rows: 1
# columns: 9
 1.768906995148714 0.4063572594378156 -1.66076837528492 1 -0.6755648672344301 0.08312994157696603 -0.04703521150067078 -1 1.2
