# Created by Octave 3.6.4, Mon Aug 26 13:49:29 2013 EDT <burak@burak-X170-L-AG1BT>
# name: ui
# type: matrix
# rows: 4
# columns: 1
 0.3549584559157606
 0.3576819099825757
 -0.3872938807816128
 -0.1739790030579056


