# Created by Octave 3.2.4, Wed Aug 21 11:21:32 2013 EDT <burak@burak-Satellite-L500>
# name: ui
# type: matrix
# rows: 4
# columns: 1
 0.01341564442150827
 1.064455530259077
 0.02731019214641747
 -0.004524897027556997
