# Created by Octave 3.6.2, Sat Sep 28 00:04:38 2013 EDT <burak@burak-Satellite-L500>
# name: V0
# type: complex matrix
# rows: 4
# columns: 4
 (0,0) (0,-0) (1,0) (0,0)
 (0,0) (0,-0) (0,0) (1,0)
 (0.7071067811865475,0) (0.7071067811865475,-0) (0,0) (0,0)
 (0,0.7071067811865475) (0,-0.7071067811865475) (0,0) (0,0)


# name: L0
# type: complex diagonal matrix
# rows: 4
# columns: 4
(1,1)
(1,-1)
(-2.8023,0)
(-2.8023,0)


# name: A0
# type: matrix
# rows: 4
# columns: 4
 -2.8023 -0 0 0
 -0 -2.8023 0 0
 0 -0 1 1
 0 0 -1 1


