# Created by Octave 3.6.2, Fri Oct 04 11:53:24 2013 EDT <burak@burak-Satellite-L500>
# name: ps
# type: matrix
# rows: 4
# columns: 42
 -0.8246738207043176 -0.8246748374883984 -0.8246742281617284 -0.8246739995112722 -0.8246742187862572 -0.8246736988239487 -0.8246753870338753 -0.8246746080131304 -0.8246747488861246 -0.824674227161329 -0.824674142121398 -0.8246737382286969 -0.8246767385025184 -0.824672249942354 -0.8246781026330218 -0.8246692962592911 -0.8246821444531905 -0.8246631170709795 -0.8246911056111387 -0.8246489110158576 -0.8247124390393727 -0.8246180391003599 -0.8247568310577746 -0.8245519282324527 -0.8248557209670051 -0.8244051009284723 -0.8250728019972534 -0.8240848628407356 -0.8255531948950187 -0.8233813379586231 -0.8266160159059657 -0.821849518333466 -0.8289867415713958 -0.818537640845348 -0.8343817394496593 -0.8114966921765774 -0.8473925647868933 -0.7967581029988824 -0.8868268736834893 -0.7638353232877952 -0.8876377081578701 -0.7632823388622095
 2.761085488024542 2.761084734888744 2.761085375162662 2.761085053394437 2.761085589800953 2.761084883290773 2.761085449184394 2.761083667896285 2.761086842647225 2.761082320885671 2.761089507444729 2.761079133543728 2.761093195259591 2.761072383139413 2.761103671550874 2.761057332248354 2.761126172460793 2.761024106089191 2.761175566755183 2.76095136203051 2.761283323128008 2.760791279862783 2.761521622866105 2.760438559585658 2.762045174812944 2.759664580582462 2.763198050130075 2.757965069335572 2.765738832899798 2.754244812532896 2.771360236374011 2.746134670052577 2.783899123096841 2.728618367815581 2.812441994831436 2.691373341201188 2.881283209582454 2.613394769828985 3.089942622319233 2.439240356642274 3.094234184382048 2.436313879519037
 -0.1213316440784077 -0.1213315840165738 -0.1213316763763761 -0.1213317241708711 -0.1213316136100677 -0.1213316679591429 -0.1213316831664039 -0.1213315855975693 -0.1213316331998049 -0.1213316801751391 -0.121331728977409 -0.1213316230223685 -0.121331634060619 -0.1213317285380895 -0.121331550691513 -0.1213317022518599 -0.1213315931269785 -0.1213318603352063 -0.1213314262751453 -0.121331963604574 -0.1213312605654955 -0.1213322641173563 -0.1213306797332468 -0.1213331288996326 -0.1213294492315683 -0.1213347935049952 -0.1213269927807654 -0.1213386461679897 -0.1213212962742398 -0.1213468710333985 -0.1213087893335693 -0.1213650620648362 -0.1212811015326457 -0.1214047043632175 -0.1212186886496713 -0.1214899544887423 -0.1210717831935893 -0.1216743924514497 -0.120654739814786 -0.1221174181887239 -0.1206465688794849 -0.1221252353648462
 0 3.64290283203125 7.285806884765626 10.92871002197266 14.57161376953125 18.2145166015625 21.85742065429687 25.50032287597656 29.1432275390625 32.7861279296875 36.42903594970704 40.07193359375 43.71484497070313 47.35773681640626 51.00065673828125 54.64353515625 58.28647705078126 61.9293212890625 65.5723114013672 69.21508972167969 72.85817382812499 76.50080688476564 80.14411819458007 83.78641693115233 87.43021697998047 91.07179107666016 94.71666595458986 98.35664733886721 102.0038864135742 105.6403680419922 109.2928088378906 112.9216015625 116.5855053710938 120.1974110412598 123.8866918945313 127.4614120483399 131.2079019165039 134.6991015625 138.5878643798828 141.8653747558594 145.9377807617188 149.2113891601562


# name: xhatp
# type: matrix
# rows: 3
# columns: 1
 -0.43984024292918
 0.728510213391687
 -0.132288747382379


# name: sn
# type: matrix
# rows: 1
# columns: 41
 0.3305268203976645 0.3305250913924118 0.3305263963664105 0.3305259987483329 0.3305272324122132 0.3305239400339767 0.3305284111461092 0.3305224199707684 0.3305299445957739 0.3305210169630685 0.330532679277203 0.3305177918320293 0.3305371903948667 0.3305108785051731 0.3305477554543311 0.3304955405047727 0.3305706165360692 0.3304617442770063 0.3306208173977109 0.3303876259881693 0.3307306653767746 0.3302245938873469 0.3309730653640701 0.3298657304194388 0.3315058761835185 0.3290779458514935 0.3326790137307366 0.3273485223191697 0.3352648186091702 0.3235623203190093 0.3409858256835211 0.3153087627025195 0.3537468909620551 0.2974820706912149 0.3827952200763428 0.2595772658078361 0.4528553086115767 0.1802178453112074 0.6652087620023548 0.002978274875832017 0.669576258338704


# name: snplus1
# type: matrix
# rows: 1
# columns: 41
 0.3305250913924118 0.3305263963664105 0.3305259987483329 0.3305272324122132 0.3305239400339767 0.3305284111461092 0.3305224199707684 0.3305299445957739 0.3305210169630685 0.330532679277203 0.3305177918320293 0.3305371903948667 0.3305108785051731 0.3305477554543311 0.3304955405047727 0.3305706165360692 0.3304617442770063 0.3306208173977109 0.3303876259881693 0.3307306653767746 0.3302245938873469 0.3309730653640701 0.3298657304194388 0.3315058761835185 0.3290779458514935 0.3326790137307366 0.3273485223191697 0.3352648186091702 0.3235623203190093 0.3409858256835211 0.3153087627025195 0.3537468909620551 0.2974820706912149 0.3827952200763428 0.2595772658078361 0.4528553086115767 0.1802178453112074 0.6652087620023548 0.002978274875832017 0.669576258338704 0


