# Created by Octave 3.6.2, Wed Oct 02 13:43:52 2013 EDT <burak@burak-Satellite-L500>
# name: ps
# type: matrix
# rows: 4
# columns: 298
 -0.4398399225045677 -0.4398400418515045 -0.4398402268204261 -0.4398403542930011 -0.4398406970728693 -0.4398407929771849 -0.4398411323971504 -0.4398413391729892 -0.4398418732790536 -0.4398422471736037 -0.4398427116049194 -0.4398428892973886 -0.4398435371146769 -0.4398443312298722 -0.4398452993306524 -0.4398458151534935 -0.4398471455360813 -0.4398479022547116 -0.4398487546954417 -0.4398508185922339 -0.4398520531337617 -0.4398541588054919 -0.4398566383393971 -0.4398586333367127 -0.4398608848083397 -0.4398646204779915 -0.4398676531676175 -0.4398726227361624 -0.4398767013120061 -0.4398833071742519 -0.4398887842381135 -0.4398949698325996 -0.439903430017056 -0.4399131998036722 -0.4399225704322649 -0.4399331527895309 -0.4399475780636684 -0.4399614126746028 -0.4399786372856718 -0.4399983195345762 -0.4400208074525483 -0.4400464976244723 -0.4400744948848032 -0.4401062870160912 -0.4401441278178531 -0.4401873276248253 -0.4402343695979872 -0.4402890258697672 -0.4403511940747892 -0.4404235508527901 -0.4405041156808029 -0.4405956285618294 -0.4407007469820015 -0.4408201647587581 -0.4409573129655632 -0.4411112323127279 -0.4412876288239185 -0.4414897836812507 -0.4417186949444074 -0.4419804410118019 -0.4422794317987933 -0.442618454405931 -0.4430063059088116 -0.4434477378668318 -0.4439513208096674 -0.4445268451895199 -0.4451832941123706 -0.4459337753989439 -0.4467900063831848 -0.4477682459573641 -0.4488894740261671 -0.4501727420240216 -0.4516430602831272 -0.4533296055937507 -0.4552658750697725 -0.4574963664836211 -0.4600661080974614 -0.4630362455722087 -0.4664776787324898 -0.4704796521669367 -0.4751543596066073 -0.4806463448364683 -0.4871395482106663 -0.4948882684416387 -0.5042424046526629 -0.5157072243844023 -0.5300496077700821 -0.5485141542243377 -0.5732709451887309 -0.6085137488847111 -0.6632477426838199 -0.7532056003025875 -0.8632550846502081 -0.7818550657047418 -1.049383376475797 -0.6956059982310567 -0.7965186799183229 -0.8877091689866378 -0.7632339527937977 -0.8858909178111809 -0.764478638614603 -0.8895771466952582 -0.7619734877298309 -0.8824169102844632 -0.7669126399450601 -0.8976760378483103 -0.7567347586799036 -0.8701085481633088 -0.7761856997550702 -0.9519572318114482 -0.7285702265401655 -0.8305279446881143 -0.8164578470434783 -0.8379844024516995 -0.807130601005316 -0.8568659208667775 -0.7875285745744047 -0.9364347770356826 -0.7356155029458932 -0.8382723699835051 -0.8067926762491401 -0.8576564080571101 -0.7868047454581725 -0.9428986679165268 -0.7325999922702717 -0.834866863711068 -0.8108936789054461 -0.8486260173055057 -0.7954919006505878 -0.8916558491430023 -0.7605957404314946 -0.8788736509597643 -0.7694742327877007 -0.9078796677297462 -0.7505927263875081 -0.8587220090024078 -0.7858385349596243 -0.9528700446913518 -0.7281759779256327 -0.830115055288433 -0.8170120282533941 -0.8370090707724165 -0.8082886586214354 -0.8542262880594362 -0.7899948496805486 -0.9186632251746696 -0.7445900421909759 -0.849607060439066 -0.7945038692015322 -0.8957136510529714 -0.7579728572940715 -0.8727540862525121 -0.7741010056201898 -0.9338912307858667 -0.7368369573624819 -0.8396967850413326 -0.8051356306717689 -0.8616675305437638 -0.783227787954903 -0.9952056528335814 -0.7119396611099407 -0.8137649665416592 -0.8429378117004787 -0.8014980540300155 -0.8714276218042802 -0.77514002769556 -0.9421069723518272 -0.7329619289793761 -0.8352695471285344 -0.8103979799862766 -0.8496570977883087 -0.7944522454869514 -0.8959292657157159 -0.7578347620556718 -0.8724527545182225 -0.7743341337500077 -0.9356317727448168 -0.7359998980935094 -0.8387167409819167 -0.8062715152666659 -0.8588917152803816 -0.7856851107970643 -0.9546225381723045 -0.7274252335719504 -0.829329330013119 -0.8180691121099806 -0.8351766287872642 -0.810510588262938 -0.8494220872228284 -0.7946887763115981 -0.8949339667625517 -0.7584692446481173 -0.8738587660006484 -0.7732450284077261 -0.9279877038342447 -0.7397492363368248 -0.8432303087623717 -0.8011799349968185 -0.8723556948668827 -0.7744112032134201 -0.9362174598062105 -0.7357189580359346 -0.8383919229568726 -0.8066520385296244 -0.8579877288743929 -0.7865015378415107 -0.9458361545001236 -0.7312690874658577 -0.8334112701399741 -0.8127173644855102 -0.8449616607050365 -0.7993106425202361 -0.8780807455281802 -0.7700579950364795 -0.9105240197567067 -0.7490777337846993 -0.8562661410186243 -0.7880827180837886 -0.931942944213523 -0.7377854815292693 -0.8408280079385219 -0.8038483778285773 -0.8649598746491707 -0.7804080064744435 -1.048664434223489 -0.6957979660215937 -0.7967359272214911 -0.8869044734695331 -0.7637809492179459 -0.8874796594838416 -0.7633892924051993 -0.8863374277587593 -0.7641708165152092 -0.8886399017616712 -0.7626038168839162 -0.8841210012326914 -0.7657082779420913 -0.8935083984071388 -0.7593877790516737 -0.8759610640462281 -0.7716428996322068 -0.9184667950547766 -0.7446940533135249 -0.8497534686676609 -0.7943564591304185 -0.8963397887028747 -0.7575753991644189 -0.8718902741308561 -0.7747746254616327 -0.9390794593199071 -0.7343680188121162 -0.8368441727796342 -0.8084872245622934 -0.8537829851797247 -0.7904162209860415 -0.91610080401712 -0.7459738898531675 -0.8515735121908341 -0.7925504238036855 -0.9046004527863929 -0.7525153611232699 -0.86201694227065 -0.7829233438693503 -1.003266660025506 -0.7092359104869134 -0.8110408090825806 -0.8483245692731987 -0.7958014700952052 -0.8904422596229121 -0.7613963694529348 -0.8809026907917274 -0.767997475126668 -0.9017500477856595 -0.7542254755658547 -0.8651393768011055 -0.7802559945969871 -1.0392703356221 -0.6983571024337218 -0.7995901869745955 -0.8771929242472207 -0.7707186916742736 -0.9136856138128667 -0.7473031028190179 -0.8535327895510652 -0.7906553458777162 -0.9146991238153909 -0.7467428672205589 -0.8526976336589021 -0.7914575228649889 -0.9102124005062473 -0.7492550691878284 -0.8565472810220687 -0.7878219567501034 -0.9340061544575067 -0.7367805714578718 -0.8396325628094971 -0.805212764612607 -0.8614800177327622
