# Created by Octave 3.2.4, Fri Aug 23 12:07:03 2013 EDT <burak@burak-Satellite-L500>
# name: xi
# type: matrix
# rows: 4
# columns: 1
 0.1506567766665932
 0.190417993976476
 0.07001979140072154
 -1.497703569430365
