# Created by Octave 3.2.4, Sat Aug 24 13:50:46 2013 EDT <burak@burak-Satellite-L500>
# name: T
# type: matrix
# rows: 4
# columns: 4
 0 1 0 0
 -1 0 0 0
 0 0 0 2
 0 0 -2 0
