# Created by Octave 3.2.4, Fri Aug 23 10:35:35 2013 EDT <burak@burak-Satellite-L500>
# name: pars
# type: matrix
# rows: 1
# columns: 9
 -2.8023 -0.9146 -0.6141 -4.1122 0.6128 -2.6636 -0.00144 1.8854 2.1769
